0.0 0.0
0.0 0.0
0.0 0.0
0.0 0.0
0.0 0.0
0.0 0.0
0.0 0.0
0.0 0.0
0.0 0.0
0.0 0.0
0.0 0.0
0.0 0.0
0.0 0.0
0.0 0.0
0.0 0.0
0.0 0.0
0.0 0.0
0.0 0.0
0.0 0.0
0.0 0.0
0.0 0.0
0.0 0.0
0.0 0.0
0.0 0.0
0.0 0.0
0.0 0.0
0.0 0.0
0.0 0.0
0.0 0.0
0.0 0.0
0.0 0.0
0.0 0.0
0.0 0.0
0.0 0.0
0.0 0.0
0.0 0.0
0.0 0.0
0.0 0.0
0.0 0.0
0.0 0.0
0.0 0.0
0.0 0.0
0.0 0.0
0.0 0.0
0.0 0.0
0.0 0.0
0.0 0.0
0.0 0.0
0.0 0.0
0.0 0.0
0.0 0.0
0.0 0.0
0.0 0.0
0.0 0.0
0.0 0.0
0.0 0.0
0.0 0.0
0.0 0.0
0.0 0.0
0.043 0.0
0.043 0.0
0.043 0.0
0.043 0.0
0.043 0.0
0.0435 0.0
0.0435 0.0
0.04353 0.0
0.04353 0.0
0.04353 0.0
0.04353 0.0
0.04353 0.0
0.04353 0.0
0.04353 0.0
0.04353 0.0
0.04353 0.0
0.04353 0.0
0.04353 0.0
0.04353 0.0
0.04353 0.0
0.04353 0.0
0.04353 0.0
0.04353 0.0
0.04353 0.0
0.04353 0.0
0.04353 0.0
0.04353 0.0
0.04353 0.0
0.04353 0.0
0.04353 0.0
0.04353 0.0
0.04353 0.0
0.04353 0.0
0.04353 0.0
0.04353 0.0
0.04353 0.0
0.04353 0.0
0.04353 0.0
0.04353 0.0
0.04353 0.0
0.04353 0.0
0.04353 0.0
0.04353 0.0
0.04353 0.0
0.04353 0.0
0.04353 0.0
0.04353 0.0
0.04353 0.0
0.04353 0.0
0.04353 0.0
0.04353 0.0
0.04353 0.0
0.04353 0.0
0.04353 0.0
0.04353 0.0
0.04353 0.0
0.04353 0.0
0.04353 0.0
0.04353 0.0
0.04353 0.0
0.04353 0.0
0.04353 0.0
0.04353 0.0
0.04353 0.01
0.04353 0.01
0.04353 0.01
0.04353 0.012
0.04353 0.012
0.04353 0.012
0.04353 0.0123
0.04353 0.0123
0.04353 0.0123
0.04353 0.01231
0.04353 0.01231
0.04353 0.01231
0.04353 0.01231
0.04353 0.01231
0.04353 0.01231
0.04353 0.01231
0.04353 0.01231
0.04353 0.01231
0.04353 0.01231
0.04353 0.01231
0.04353 0.01231
0.04353 0.01231
0.04353 0.01231
0.04353 0.01231
0.04353 0.01231
0.04353 0.01231
0.04353 0.01231
0.04353 0.01231
0.04353 0.01231
0.04353 0.01231
0.04353 0.01231
0.04353 0.01231
0.04353 0.01231
0.04353 0.01231
0.04353 0.01231
0.04353 0.01231
0.04353 0.01231
0.04353 0.01231
0.04353 0.01231
0.04353 0.01231
0.04353 0.01231
0.04353 0.01231
0.04353 0.01231
0.04353 0.01231
0.04353 0.01231
0.04353 0.01231
0.04353 0.01231
0.04353 0.01231
0.04353 0.01231
0.04353 0.01231
0.04353 0.01231
0.04353 0.01231
0.04353 0.01231
0.04353 0.01231
0.04353 0.01231
0.04353 0.01231
0.04353 0.01231
0.04353 0.01231
0.04353 0.01231
0.04353 0.01231
0.04353 0.01231
0.04353 0.01231
0.04353 0.01231
0.04353 0.01231
0.04353 0.01231
0.04353 0.01231
0.04353 0.01231
0.04353 0.01231
0.04353 0.01231
0.04353 0.01231
0.04353 0.01231
0.04353 0.01231
0.04353 0.01231
0.04353 0.01231
0.04353 0.01231
0.04353 0.01231
0.04353 0.01231
0.04353 0.01231
0.04353 0.01231
0.04353 0.01231
0.04353 0.01231
0.04353 0.01231
0.04353 0.01231
0.04353 0.01231
0.04353 0.01231
0.04353 0.01231
0.04353 0.01231
0.04353 0.01231
0.04353 0.01231
0.04353 0.01231
0.04353 0.01231
0.0 0.0
0.0 0.0
0.0 0.0
0.0 0.0
0.0 0.0
0.0 0.0
0.0 0.0
0.0 0.0
0.0 0.0
0.0 0.0
0.0 0.0
0.0 0.0
0.0 0.0
0.0 0.0
0.0 0.0
0.0 0.0
0.0 0.0
0.0 0.0
0.0 0.0
0.0 0.0
0.0 0.0
0.0 0.0
0.0 0.0
0.0 0.0
0.0 0.0
0.0 0.0
0.0 0.0
0.0 0.0
0.0 0.0
0.0 0.0
0.0 0.0
0.0 0.0
0.0 0.0
0.0 0.0
0.0 0.0
0.0 0.0
0.0 0.0
0.0 0.0
0.0 0.0
0.0 0.0
0.0 0.0
0.0 0.0
0.0 0.0
0.0 0.0
0.0 0.0
0.0 0.0
0.0 0.0
0.0 0.0
0.0 0.0
0.0 0.0
0.0 0.0
0.0 0.0
0.03 0.0
0.034 0.0
0.034 0.0
0.034 0.0
0.0345 0.0
0.0345 0.0
0.0345 0.0
0.03453 0.0
0.03453 0.0
0.03453 0.0
0.03453 0.0
0.03453 0.0
0.03453 0.0
0.03453 0.0
0.03453 0.0
0.03453 0.0
0.03453 0.0
0.03453 0.0
0.03453 0.0
0.03453 0.0
0.03453 0.0
0.03453 0.0
0.03453 0.0
0.03453 0.0
0.03453 0.0
0.03453 0.0
0.03453 0.0
0.03453 0.0
0.03453 0.0
0.03453 0.0
0.03453 0.0
0.03453 0.0
0.03453 0.0
0.03453 0.0
0.03453 0.0
0.03453 0.0
0.03453 0.0
0.03453 0.0
0.03453 0.0
0.03453 0.0
0.03453 0.0
0.03453 0.0
0.03453 0.0
0.03453 0.0
0.03453 0.0
0.03453 0.0
0.03453 0.0
0.03453 0.0
0.03453 0.01
0.03453 0.01
0.03453 0.01
0.03453 0.012
0.03453 0.012
0.03453 0.0123
0.03453 0.0123
0.03453 0.0123
0.03453 0.01231
0.03453 0.01231
0.03453 0.01231
0.03453 0.01231
0.03453 0.01231
0.03453 0.01231
0.03453 0.01231
0.03453 0.01231
0.03453 0.01231
0.03453 0.01231
0.03453 0.01231
0.03453 0.01231
0.03453 0.01231
0.03453 0.01231
0.03453 0.01231
0.03453 0.01231
0.03453 0.01231
0.03453 0.01231
0.03453 0.01231
0.03453 0.01231
0.03453 0.01231
0.03453 0.01231
0.03453 0.01231
0.03453 0.01231
0.03453 0.01231
0.03453 0.01231
0.03453 0.01231
0.03453 0.01231
0.03453 0.01231
0.03453 0.01231
0.03453 0.01231
0.03453 0.01231
0.03453 0.01231
0.03453 0.01231
0.0 0.0
0.0 0.0
0.0 0.0
0.0 0.0
0.0 0.0
0.0 0.0
0.0 0.0
0.0 0.0
0.0 0.0
0.0 0.0
0.0 0.0
0.0 0.0
0.0 0.0
0.0 0.0
0.0 0.0
0.0 0.0
0.0 0.0
0.0 0.0
0.0 0.0
0.0 0.0
0.0 0.0
0.0 0.0
0.0 0.0
0.0 0.0
0.0 0.0
0.0 0.0
0.0 0.0
0.0 0.0
0.0 0.0
0.0 0.0
0.0 0.0
0.0 0.0
0.0 0.0
0.0 0.0
0.0 0.0
0.0 0.0
0.0 0.0
0.0 0.0
0.0 0.0
0.0 0.0
0.0 0.0
0.0 0.0
0.0 0.0
0.0 0.0
0.0 0.0
0.0 0.0
0.0 0.0
0.0 0.0
0.0 0.0
0.0 0.0
0.0 0.0
0.0 0.0
0.0 0.0
0.0 0.0
0.0 0.0
0.0 0.0
0.0 0.0
0.0 0.0
0.0 0.0
0.0 0.0
0.0 0.0
0.0 0.0
0.0 0.0
0.0 0.0
0.0 0.0
0.0 0.0
0.0 0.0
0.02 0.0
0.02 0.0
0.023 0.0
0.023 0.0
0.0234 0.0
0.0234 0.0
0.0234 0.0
0.02342 0.0
0.02342 0.0
0.02342 0.0
0.02342 0.0
0.02342 0.0
0.02342 0.0
0.02342 0.0
0.02342 0.0
0.02342 0.0
0.02342 0.0
0.02342 0.0
0.02342 0.0
0.02342 0.0
0.02342 0.0
0.02342 0.0
0.02342 0.0
0.02342 0.0
0.02342 0.0
0.02342 0.0
0.02342 0.0
0.02342 0.0
0.02342 0.0
0.02342 0.0
0.02342 0.0
0.02342 0.0
0.02342 0.0
0.02342 0.0
0.02342 0.0
0.02342 0.0
0.02342 0.0
0.02342 0.0
0.02342 0.0
0.02342 0.0
0.02342 0.0
0.02342 0.0
0.02342 0.0
0.02342 0.0
0.02342 0.0
0.02342 0.0
0.02342 0.0
0.02342 0.0
0.02342 0.0
0.02342 0.0
0.02342 0.0
0.02342 0.0
0.02342 0.0
0.02342 0.0
0.02342 0.0
0.02342 0.03
0.02342 0.03
0.02342 0.034
0.02342 0.034
0.02342 0.034
0.02342 0.034
0.02342 0.034
0.02342 0.034
0.02342 0.034
0.02342 0.0343
0.02342 0.0343
0.02342 0.0343
0.02342 0.03434
0.02342 0.03434
0.02342 0.03434
0.02342 0.03434
0.02342 0.03434
0.02342 0.03434
0.02342 0.03434
0.02342 0.03434
0.02342 0.03434
0.02342 0.03434
0.02342 0.03434
0.02342 0.03434
0.02342 0.03434
0.02342 0.03434
0.02342 0.03434
0.02342 0.03434
0.02342 0.03434
0.02342 0.03434
0.02342 0.03434
0.02342 0.03434
0.02342 0.03434
0.02342 0.03434
0.02342 0.03434
0.02342 0.03434
0.02342 0.03434
0.02342 0.03434
0.02342 0.03434
0.02342 0.03434
0.02342 0.03434
0.02342 0.03434
0.02342 0.03434
0.02342 0.03434
0.02342 0.03434
0.02342 0.03434
0.02342 0.03434
0.02342 0.03434
0.02342 0.03434
0.02342 0.03434
0.02342 0.03434
0.02342 0.03434
0.0 0.0
0.0 0.0
0.0 0.0
0.0 0.0
0.0 0.0
0.0 0.0
0.0 0.0
0.0 0.0
0.0 0.0
0.0 0.0
0.0 0.0
0.0 0.0
0.0 0.0
0.0 0.0
0.0 0.0
0.0 0.0
0.0 0.0
0.0 0.0
0.0 0.0
0.0 0.0
0.0 0.0
0.0 0.0
0.0 0.0
0.0 0.0
0.0 0.0
0.0 0.0
0.0 0.0
0.0 0.0
0.0 0.0
0.0 0.0
0.0 0.0
0.0 0.0
0.0 0.0
0.0 0.0
0.0 0.0
0.0 0.0
0.0 0.0
0.0 0.0
0.0 0.0
0.0 0.0
0.0 0.0
0.0 0.0
0.0 0.0
0.0 0.0
0.0 0.0
0.0 0.0
0.0 0.0
0.0 0.0
0.0 0.0
0.0 0.0
0.0 0.0
0.0 0.0
0.0 0.0
0.0 0.0
0.0 0.0
0.02 0.0
0.02 0.0
0.02 0.0
0.02 0.0
0.023 0.0
0.023 0.0
0.0234 0.0
0.0234 0.0
0.0234 0.0
0.0234 0.0
0.0234 0.0
0.02342 0.0
0.02342 0.0
0.02342 0.0
0.02342 0.0
0.02342 0.0
0.02342 0.0
0.02342 0.0
0.02342 0.0
0.02342 0.0
0.02342 0.0
0.02342 0.0
0.02342 0.0
0.02342 0.0
0.02342 0.0
0.02342 0.0
0.02342 0.0
0.02342 0.0
0.02342 0.0
0.02342 0.0
0.02342 0.0
0.02342 0.0
0.02342 0.0
0.02342 0.0
0.02342 0.0
0.02342 0.0
0.02342 0.0
0.02342 0.0
0.02342 0.0
0.02342 0.0
0.02342 0.0
0.02342 0.0
0.02342 0.0
0.02342 0.0
0.02342 0.0
0.02342 0.0
0.02342 0.0
0.02342 0.0
0.02342 0.0
0.02342 0.0
0.02342 0.0
0.02342 0.0
0.02342 0.0
0.02342 0.0
0.02342 0.0
0.02342 0.0
0.02342 0.0
0.02342 0.0
0.02342 0.0
0.02342 0.0
0.02342 0.0
0.02342 0.0
0.02342 0.0
0.02342 0.0
0.02342 0.0
0.02342 0.0
0.02342 0.0
0.02342 0.0
0.02342 0.0
0.02342 0.0
0.02342 0.01
0.02342 0.01
0.02342 0.01
0.02342 0.012
0.02342 0.012
0.02342 0.012
0.02342 0.0123
0.02342 0.0123
0.02342 0.0123
0.02342 0.01231
0.02342 0.01231
0.02342 0.01231
0.02342 0.01231
0.02342 0.01231
0.02342 0.01231
0.02342 0.01231
0.02342 0.01231
0.02342 0.01231
0.02342 0.01231
0.02342 0.01231
0.02342 0.01231
0.02342 0.01231
0.02342 0.01231
0.02342 0.01231
0.02342 0.01231
0.02342 0.01231
0.02342 0.01231
0.02342 0.01231
0.02342 0.01231
0.02342 0.01231
0.02342 0.01231
0.02342 0.01231
0.02342 0.01231
0.02342 0.01231
0.02342 0.01231
0.02342 0.01231
0.02342 0.01231
0.02342 0.01231
0.02342 0.01231
0.02342 0.01231
0.02342 0.01231
0.02342 0.01231
0.02342 0.01231
0.02342 0.01231
0.02342 0.01231
0.02342 0.01231
0.02342 0.01231
0.02342 0.01231
0.0 0.0
0.0 0.0
0.0 0.0
0.0 0.0
0.0 0.0
0.0 0.0
0.0 0.0
0.0 0.0
0.0 0.0
0.0 0.0
0.0 0.0
0.0 0.0
0.0 0.0
0.0 0.0
0.0 0.0
0.0 0.0
0.0 0.0
0.0 0.0
0.0 0.0
0.0 0.0
0.0 0.0
0.0 0.0
0.0 0.0
0.0 0.0
0.0 0.0
0.0 0.0
0.0 0.0
0.0 0.0
0.0 0.0
0.0 0.0
0.0 0.0
0.0 0.0
0.0 0.0
0.0 0.0
0.0 0.0
0.0 0.0
0.0 0.0
0.0 0.0
0.0 0.0
0.0 0.0
0.0 0.0
0.0 0.0
0.0 0.0
0.0 0.0
0.0 0.0
0.0 0.0
0.01 0.0
0.01 0.0
0.01 0.0
0.012 0.0
0.012 0.0
0.0123 0.0
0.0123 0.0
0.01232 0.0
0.012321 0.0
0.012321 0.0
0.012321 0.0
0.012321 0.0
0.012321 0.0
0.012321 0.0
0.012321 0.0
0.012321 0.0
0.012321 0.0
0.012321 0.0
0.012321 0.0
0.012321 0.0
0.012321 0.0
0.012321 0.0
0.012321 0.0
0.012321 0.0
0.012321 0.0
0.012321 0.0
0.012321 0.0
0.012321 0.0
0.012321 0.0
0.012321 0.0
0.012321 0.0
0.012321 0.0
0.012321 0.0
0.012321 0.0
0.012321 0.0
0.012321 0.0
0.012321 0.0
0.012321 0.0
0.012321 0.0
0.012321 0.0
0.012321 0.0
0.012321 0.0
0.012321 0.0
0.012321 0.0
0.012321 0.0
0.012321 0.0
0.012321 0.0
0.012321 0.0
0.012321 0.0
0.012321 0.0
0.012321 0.0
0.012321 0.04
0.012321 0.045
0.012321 0.045
0.012321 0.045
0.012321 0.0456
0.012321 0.0456
0.012321 0.04565
0.012321 0.045654
0.012321 0.045654
0.012321 0.045654
0.012321 0.045654
0.012321 0.045654
0.012321 0.045654
0.012321 0.045654
0.012321 0.045654
0.012321 0.045654
0.012321 0.045654
0.012321 0.045654
0.012321 0.045654
0.012321 0.045654
0.012321 0.045654
0.012321 0.045654
0.012321 0.045654
0.012321 0.045654
0.012321 0.045654
0.012321 0.045654
0.012321 0.045654
0.012321 0.045654
0.012321 0.045654
0.012321 0.045654
0.012321 0.045654
0.012321 0.045654
0.012321 0.045654
0.012321 0.045654
0.012321 0.045654
0.012321 0.045654
0.012321 0.045654
0.012321 0.045654
0.012321 0.045654
0.012321 0.045654
0.012321 0.045654
0.012321 0.045654
0.012321 0.045654
0.012321 0.045654
0.012321 0.045654
0.0 0.0
0.0 0.0
0.0 0.0
0.0 0.0
0.0 0.0
0.0 0.0
0.0 0.0
0.0 0.0
0.0 0.0
0.0 0.0
0.0 0.0
0.0 0.0
0.0 0.0
0.0 0.0
0.0 0.0
0.0 0.0
0.0 0.0
0.0 0.0
0.0 0.0
0.0 0.0
0.0 0.0
0.0 0.0
0.0 0.0
0.0 0.0
0.0 0.0
0.0 0.0
0.0 0.0
0.0 0.0
0.0 0.0
0.0 0.0
0.0 0.0
0.0 0.0
0.01 0.0
0.01 0.0
0.01 0.0
0.012 0.0
0.0123 0.0
0.0123 0.0
0.0123 0.0
0.01231 0.0
0.01231 0.0
0.01231 0.0
0.01231 0.0
0.01231 0.0
0.01231 0.0
0.01231 0.0
0.01231 0.0
0.01231 0.0
0.01231 0.0
0.01231 0.0
0.01231 0.0
0.01231 0.0
0.01231 0.0
0.01231 0.0
0.01231 0.0
0.01231 0.0
0.01231 0.0
0.01231 0.0
0.01231 0.0
0.01231 0.0
0.01231 0.0
0.01231 0.0
0.01231 0.0
0.01231 0.0
0.01231 0.0
0.01231 0.0
0.01231 0.0
0.01231 0.0
0.01231 0.0
0.01231 0.0
0.01231 0.0
0.01231 0.0
0.01231 0.0
0.01231 0.0
0.01231 0.0
0.01231 0.0
0.01231 0.0
0.01231 0.0
0.01231 0.03
0.01231 0.034
0.01231 0.034
0.01231 0.0345
0.01231 0.0345
0.01231 0.0345
0.01231 0.0345
0.01231 0.0345
0.01231 0.03453
0.01231 0.03453
0.01231 0.03453
0.01231 0.03453
0.01231 0.03453
0.01231 0.03453
0.01231 0.03453
0.01231 0.03453
0.01231 0.03453
0.01231 0.03453
0.01231 0.03453
0.01231 0.03453
0.01231 0.03453
0.01231 0.03453
0.01231 0.03453
0.01231 0.03453
0.01231 0.03453
0.01231 0.03453
0.01231 0.03453
0.01231 0.03453
0.01231 0.03453
0.01231 0.03453
0.01231 0.03453
0.01231 0.03453
0.01231 0.03453
0.01231 0.03453
0.01231 0.03453
0.01231 0.03453
0.01231 0.03453
0.01231 0.03453
0.0 0.0
0.0 0.0
0.0 0.0
0.0 0.0
0.0 0.0
0.0 0.0
0.0 0.0
0.0 0.0
0.0 0.0
0.0 0.0
0.0 0.0
0.0 0.0
0.0 0.0
0.0 0.0
0.0 0.0
0.0 0.0
0.0 0.0
0.0 0.0
0.0 0.0
0.0 0.0
0.0 0.0
0.0 0.0
0.0 0.0
0.0 0.0
0.0 0.0
0.0 0.0
0.0 0.0
0.0 0.0
0.0 0.0
0.0 0.0
0.0 0.0
0.0 0.0
0.0 0.0
0.0 0.0
0.0 0.0
0.0 0.0
0.0 0.0
0.0 0.0
0.0 0.0
0.0 0.0
0.0 0.0
0.0 0.0
0.0 0.0
0.0 0.0
0.0 0.0
0.0 0.0
0.0 0.0
0.0 0.0
0.0 0.0
0.01 0.0
0.01 0.0
0.01 0.0
0.012 0.0
0.012 0.0
0.0123 0.0
0.0123 0.0
0.0123 0.0
0.0123 0.0
0.01231 0.0
0.01231 0.0
0.01231 0.0
0.01231 0.0
0.01231 0.0
0.01231 0.0
0.01231 0.0
0.01231 0.0
0.01231 0.0
0.01231 0.0
0.01231 0.0
0.01231 0.0
0.01231 0.0
0.01231 0.0
0.01231 0.0
0.01231 0.0
0.01231 0.0
0.01231 0.0
0.01231 0.0
0.01231 0.0
0.01231 0.0
0.01231 0.0
0.01231 0.0
0.01231 0.0
0.01231 0.0
0.01231 0.0
0.01231 0.0
0.01231 0.0
0.01231 0.0
0.01231 0.0
0.01231 0.0
0.01231 0.0
0.01231 0.0
0.01231 0.0
0.01231 0.0
0.01231 0.0
0.01231 0.0
0.01231 0.0
0.01231 0.0
0.01231 0.0
0.01231 0.0
0.01231 0.0
0.01231 0.0
0.01231 0.0
0.01231 0.0
0.01231 0.0
0.01231 0.0
0.01231 0.0
0.01231 0.0
0.01231 0.0
0.01231 0.0
0.01231 0.0
0.01231 0.0
0.01231 0.0
0.01231 0.0
0.01231 0.0
0.01231 0.0
0.01231 0.0
0.01231 0.04
0.01231 0.045
0.01231 0.045
0.01231 0.0456
0.01231 0.0456
0.01231 0.0456
0.01231 0.0456
0.01231 0.04564
0.01231 0.045645
0.01231 0.045645
0.01231 0.045645
0.01231 0.045645
0.01231 0.045645
0.01231 0.045645
0.01231 0.045645
0.01231 0.045645
0.01231 0.045645
0.01231 0.045645
0.01231 0.045645
0.01231 0.045645
0.01231 0.045645
0.01231 0.045645
0.01231 0.045645
0.01231 0.045645
0.01231 0.045645
0.01231 0.045645
0.01231 0.045645
0.01231 0.045645
0.01231 0.045645
0.01231 0.045645
0.01231 0.045645
0.01231 0.045645
0.01231 0.045645
0.01231 0.045645
0.01231 0.045645
0.01231 0.045645
0.01231 0.045645
0.01231 0.045645
0.01231 0.045645
0.01231 0.045645
0.01231 0.045645
0.01231 0.045645
0.01231 0.045645
0.01231 0.045645
0.01231 0.045645
0.01231 0.045645
0.01231 0.045645
0.01231 0.045645
0.01231 0.045645
0.01231 0.045645
0.01231 0.045645
0.01231 0.045645
0.01231 0.045645
0.01231 0.045645
0.01231 0.045645
0.01231 0.045645
0.01231 0.045645
0.01231 0.045645
0.01231 0.045645
0.01231 0.045645
0.01231 0.045645
0.01231 0.045645
0.01231 0.045645
0.01231 0.045645
0.01231 0.045645
0.01231 0.045645
0.01231 0.045645
0.01231 0.045645
0.01231 0.045645
0.01231 0.045645
0.01231 0.045645
0.01231 0.045645
0.01231 0.045645
0.01231 0.045645
0.01231 0.045645
0.01231 0.045645
0.01231 0.045645
0.0 0.0
0.0 0.0
0.0 0.0
0.0 0.0
0.0 0.0
0.0 0.0
0.0 0.0
0.0 0.0
0.0 0.0
0.0 0.0
0.0 0.0
0.0 0.0
0.0 0.0
0.0 0.0
0.0 0.0
0.0 0.0
0.0 0.0
0.0 0.0
0.0 0.0
0.0 0.0
0.0 0.0
0.0 0.0
0.0 0.0
0.0 0.0
0.0 0.0
0.0 0.0
0.0 0.0
0.0 0.0
0.0 0.0
0.0 0.0
0.0 0.0
0.0 0.0
0.0 0.0
0.0 0.0
0.0 0.0
0.0 0.0
0.0 0.0
0.0 0.0
0.0 0.0
0.0 0.0
0.0 0.0
0.0 0.0
0.0 0.0
0.0 0.0
0.0 0.0
0.04 0.0
0.04 0.0
0.04 0.0
0.04 0.0
0.04 0.0
0.04 0.0
0.04 0.0
0.04 0.0
0.04 0.0
0.04 0.0
0.04 0.0
0.04 0.0
0.04 0.0
0.04 0.0
0.04 0.0
0.04 0.0
0.04 0.0
0.04 0.0
0.04 0.0
0.04 0.0
0.04 0.0
0.04 0.0
0.04 0.0
0.04 0.0
0.04 0.0
0.04 0.0
0.04 0.0
0.04 0.0
0.04 0.0
0.04 0.0
0.04 0.0
0.04 0.0
0.04 0.0
0.04 0.0
0.04 0.03
0.04 0.03
0.04 0.03
0.04 0.03
0.04 0.03
0.04 0.03
0.04 0.03
0.04 0.03
0.04 0.03
0.04 0.03
0.04 0.03
0.04 0.03
0.04 0.03
0.04 0.03
0.04 0.03
0.04 0.03
0.04 0.03
0.04 0.03
0.04 0.03
0.04 0.03
0.04 0.03
0.04 0.03
0.04 0.03
0.04 0.03
0.04 0.03
0.04 0.03
0.04 0.03
0.04 0.03
0.04 0.03
0.04 0.03
0.04 0.03
0.04 0.03
0.0 0.0
0.0 0.0
0.0 0.0
0.0 0.0
0.0 0.0
0.0 0.0
0.0 0.0
0.0 0.0
0.0 0.0
0.0 0.0
0.0 0.0
0.0 0.0
0.0 0.0
0.0 0.0
0.0 0.0
0.0 0.0
0.0 0.0
0.0 0.0
0.0 0.0
0.0 0.0
0.0 0.0
0.0 0.0
0.0 0.0
0.0 0.0
0.0 0.0
0.0 0.0
0.0 0.0
0.0 0.0
0.0 0.0
0.0 0.0
0.0 0.0
0.0 0.0
0.0 0.0
0.0 0.0
0.0 0.0
0.0 0.0
0.0 0.0
0.0 0.0
0.0 0.0
0.0 0.0
0.0 0.0
0.0 0.0
0.0 0.0
0.0 0.0
0.0 0.0
0.03 0.0
0.03 0.0
0.03 0.0
0.03 0.0
0.03 0.0
0.03 0.0
0.033 0.0
0.033 0.0
0.033 0.0
0.033 0.0
0.033 0.0
0.033 0.0
0.033 0.0
0.033 0.0
0.033 0.0
0.033 0.0
0.033 0.0
0.033 0.0
0.033 0.0
0.033 0.0
0.033 0.0
0.033 0.0
0.033 0.0
0.033 0.0
0.033 0.0
0.033 0.0
0.033 0.0
0.033 0.0
0.033 0.0
0.033 0.0
0.033 0.0
0.033 0.0
0.033 0.0
0.033 0.0
0.033 0.0
0.033 0.0
0.033 0.0
0.033 0.0
0.033 0.0
0.033 0.0
0.033 0.0
0.033 0.0
0.033 0.0
0.033 0.0
0.033 0.0
0.033 0.0
0.033 0.0
0.033 0.0
0.033 0.0
0.033 0.0
0.033 0.0
0.0335 0.0
0.0335 0.0
0.0335 0.0
0.0335 0.0
0.03355 0.0
0.03355 0.0
0.03355 0.0
0.03355 0.0
0.03355 0.0
0.03355 0.0
0.03355 0.0
0.03355 0.0
0.03355 0.0
0.03355 0.0
0.03355 0.0
0.03355 0.0
0.03355 0.0
0.03355 0.0
0.03355 0.0
0.03355 0.0
0.03355 0.0
0.03355 0.0
0.03355 0.0
0.03355 0.0
0.03355 0.0
0.03355 0.0
0.03355 0.0
0.03355 0.0
0.03355 0.0
0.03355 0.0
0.03355 0.0
0.03355 0.0
0.03355 0.0
0.03355 0.0
0.03355 0.0
0.03355 0.0
0.03355 0.0
0.03355 0.0
0.03355 0.05
0.03355 0.05
0.03355 0.05
0.03355 0.05
0.03355 0.05
0.03355 0.05
0.03355 0.05
0.03355 0.05
0.03355 0.05
0.03355 0.05
0.03355 0.055
0.03355 0.055
0.03355 0.055
0.03355 0.0552
0.03355 0.0552
0.03355 0.0552
0.03355 0.0552
0.03355 0.0552
0.03355 0.0552
0.03355 0.0552
0.03355 0.05522
0.03355 0.05522
0.03355 0.05522
0.03355 0.05522
0.03355 0.05522
0.03355 0.05522
0.03355 0.05522
0.03355 0.05522
0.03355 0.05522
0.03355 0.05522
0.03355 0.05522
0.03355 0.05522
0.03355 0.05522
0.03355 0.05522
0.03355 0.05522
0.03355 0.05522
0.03355 0.05522
0.03355 0.05522
0.03355 0.05522
0.03355 0.05522
0.03355 0.05522
0.03355 0.05522
0.03355 0.05522
0.03355 0.05522
0.03355 0.05522
0.03355 0.05522
0.03355 0.05522
0.03355 0.05522
0.03355 0.05522
0.03355 0.05522
0.03355 0.05522
0.03355 0.05522
0.03355 0.05522
0.03355 0.05522
0.03355 0.05522
0.03355 0.05522
0.03355 0.05522
0.03355 0.05522
0.03355 0.05522
0.03355 0.05522
0.03355 0.05522
0.03355 0.05522
0.03355 0.05522
0.03355 0.05522
0.03355 0.05522
0.03355 0.05522
0.03355 0.05522
0.03355 0.05522
0.03355 0.05522
0.0 0.0
0.0 0.0
0.0 0.0
0.0 0.0
0.0 0.0
0.0 0.0
0.0 0.0
0.0 0.0
0.0 0.0
0.0 0.0
0.0 0.0
0.0 0.0
0.0 0.0
0.0 0.0
0.0 0.0
0.0 0.0
0.0 0.0
0.0 0.0
0.0 0.0
0.0 0.0
0.0 0.0
0.0 0.0
0.0 0.0
0.0 0.0
0.0 0.0
0.0 0.0
0.0 0.0
0.0 0.0
0.0 0.0
0.0 0.0
0.0 0.0
0.0 0.0
0.0 0.0
0.02 0.0
0.02 0.0
0.02 0.0
0.02 0.0
0.02 0.0
0.02 0.0
0.02 0.0
0.021 0.0
0.021 0.0
0.021 0.0
0.021 0.0
0.021 0.0
0.021 0.0
0.021 0.0
0.021 0.0
0.021 0.0
0.021 0.0
0.021 0.0
0.021 0.0
0.021 0.0
0.021 0.0
0.021 0.0
0.021 0.0
0.021 0.0
0.021 0.0
0.021 0.0
0.021 0.0
0.021 0.0
0.021 0.0
0.021 0.0
0.021 0.0
0.021 0.0
0.021 0.0
0.021 0.0
0.021 0.0
0.021 0.0
0.021 0.0
0.021 0.0
0.021 0.0
0.021 0.0
0.021 0.0
0.021 0.0
0.021 0.0
0.021 0.0
0.021 0.0
0.021 0.0
0.021 0.0
0.021 0.0
0.0211 0.0
0.0211 0.0
0.0211 0.0
0.0211 0.0
0.02113 0.0
0.02113 0.0
0.02113 0.0
0.02113 0.0
0.02113 0.0
0.02113 0.0
0.02113 0.0
0.02113 0.0
0.02113 0.0
0.02113 0.0
0.02113 0.0
0.02113 0.0
0.02113 0.0
0.02113 0.0
0.02113 0.0
0.02113 0.0
0.02113 0.0
0.02113 0.0
0.02113 0.0
0.02113 0.0
0.02113 0.0
0.02113 0.0
0.02113 0.0
0.02113 0.0
0.02113 0.0
0.02113 0.0
0.02113 0.0
0.02113 0.0
0.02113 0.0
0.02113 0.0
0.02113 0.0
0.02113 0.0
0.02113 0.0
0.02113 0.01
0.02113 0.01
0.02113 0.01
0.02113 0.012
0.02113 0.012
0.02113 0.0123
0.02113 0.0123
0.02113 0.0123
0.02113 0.0123
0.02113 0.01231
0.02113 0.01231
0.02113 0.01231
0.02113 0.01231
0.02113 0.01231
0.02113 0.01231
0.02113 0.01231
0.02113 0.01231
0.02113 0.01231
0.02113 0.01231
0.02113 0.01231
0.02113 0.01231
0.02113 0.01231
0.02113 0.01231
0.02113 0.01231
0.02113 0.01231
0.02113 0.01231
0.02113 0.01231
0.02113 0.01231
0.02113 0.01231
0.02113 0.01231
0.02113 0.01231
0.02113 0.01231
0.02113 0.01231
0.02113 0.01231
0.02113 0.01231
0.02113 0.01231
0.02113 0.01231
0.0 0.0
0.0 0.0
0.0 0.0
0.0 0.0
0.0 0.0
0.0 0.0
0.0 0.0
0.0 0.0
0.0 0.0
0.0 0.0
0.0 0.0
0.0 0.0
0.0 0.0
0.0 0.0
0.0 0.0
0.0 0.0
0.0 0.0
0.0 0.0
0.0 0.0
0.0 0.0
0.0 0.0
0.0 0.0
0.0 0.0
0.0 0.0
0.0 0.0
0.0 0.0
0.0 0.0
0.0 0.0
0.0 0.0
0.0 0.0
0.0 0.0
0.0 0.0
0.0 0.0
0.01 0.0
0.01 0.0
0.01 0.0
0.01 0.0
0.012 0.0
0.012 0.0
0.0123 0.0
0.0123 0.0
0.0123 0.0
0.0123 0.0
0.0123 0.0
0.0123 0.0
0.0123 0.0
0.0123 0.0
0.0123 0.0
0.0123 0.0
0.0123 0.0
0.0123 0.0
0.0123 0.0
0.0123 0.0
0.0123 0.0
0.0123 0.0
0.0123 0.0
0.0123 0.0
0.0123 0.0
0.0123 0.0
0.0123 0.0
0.0123 0.0
0.0123 0.0
0.0123 0.0
0.0123 0.0
0.0123 0.0
0.0123 0.0
0.0123 0.0
0.0123 0.0
0.0123 0.0
0.0123 0.0
0.0123 0.0
0.0123 0.0
0.0123 0.0
0.0123 0.0
0.0123 0.0
0.0123 0.0
0.0123 0.0
0.0123 0.01
0.0123 0.01
0.0123 0.01
0.0123 0.01
0.0123 0.013
0.0123 0.013
0.0123 0.013
0.0123 0.013
0.0123 0.013
0.0123 0.0131
0.0123 0.0131
0.0123 0.0131
0.0123 0.0131
0.0123 0.01313
0.0123 0.01313
0.0123 0.01313
0.0123 0.013131
0.0123 0.013131
0.0123 0.013131
0.0123 0.013131
0.0123 0.013131
0.0123 0.013131
0.0123 0.013131
0.0123 0.013131
0.0123 0.013131
0.0123 0.013131
0.0123 0.013131
0.0123 0.013131
0.0123 0.013131
0.0123 0.013131
0.0123 0.013131
0.0123 0.013131
0.0123 0.013131
0.0123 0.013131
0.0123 0.013131
0.0123 0.013131
0.0123 0.013131
0.0123 0.013131
0.0123 0.013131
0.0123 0.013131
0.0123 0.013131
0.0123 0.013131
0.0123 0.013131
0.0123 0.013131
0.0123 0.013131
0.0123 0.013131
0.0123 0.013131
0.0123 0.013131
0.0123 0.013131
0.0123 0.013131
0.0123 0.013131
0.0123 0.013131
0.0123 0.013131
0.0123 0.013131
0.0123 0.013131
0.0123 0.013131
0.0123 0.013131
0.0 0.0
0.0 0.0
0.0 0.0
0.0 0.0
0.0 0.0
0.0 0.0
0.0 0.0
0.0 0.0
0.0 0.0
0.0 0.0
0.0 0.0
0.0 0.0
0.0 0.0
0.0 0.0
0.0 0.0
0.0 0.0
0.0 0.0
0.0 0.0
0.0 0.0
0.0 0.0
0.0 0.0
0.0 0.0
0.0 0.0
0.0 0.0
0.0 0.0
0.0 0.0
0.0 0.0
0.0 0.0
0.0 0.0
0.0 0.0
0.0q 0.0
0.0qw 0.0
0.0qw 0.0
0.0qw 0.0
0.0qw 0.0
0.0qwe 0.0
0.0qwe 0.0
0.0qwe 0.0
0.0qwe 0.0
0.0qwe 0.0
0.0qwe 0.0
0.0qwe 0.0
0.0qwe 0.0
0.0qwe 0.0
0.0qwe 0.0
0.0qwe 0.0
0.0qwe 0.0
0.0qwe 0.0
0.0qwe 0.0
0.0qwe 0.0
0.0qwe 0.0
0.0qwe 0.0
0.0qwe 0.0
0.0qwe 0.0
0.0qwe 0.0
0.0qwe 0.0
0.0qwe 0.0
0.0qwe 0.0
0.0qwe 0.0
0.0qwe 0.0
0.0qwe 0.0
0.0qwe 0.0
0.0qwe 0.0
0.0qw 0.0
0.0qw 0.0
0.0qw 0.0
0.0qw 0.0
0.0q 0.0
0.0q 0.0
0.0q 0.0
0.0q 0.0
0.0 0.0
0.0 0.0
0.0 0.0
0.0 0.0
0.0 0.0
0.0 0.0
0.0 0.0
0.0 0.0
0.0 0.0
0.01 0.0
0.01 0.0
0.01 0.0
0.012 0.0
0.012 0.0
0.0123 0.0
0.0123 0.0
0.0123 0.0
0.0123 0.0
0.0123 0.0
0.0123 0.0
0.0123 0.0
0.0123 0.0
0.0123 0.0
0.0123 0.0
0.0123 0.0
0.0123 0.0
0.0123 0.0
0.0123 0.0
0.0123 0.0
0.0123 0.0
0.0123 0.0
0.0123 0.0
0.0123 0.0
0.0123 0.0
0.0123 0.0
0.0123 0.0
0.0123 0.0
0.0123 0.0
0.0123 0.0
0.0123 0.0
0.0123 0.0
0.0123 0.0
0.0123 0.0
0.0123 0.0
0.0123 0.0
0.0123 0.0
0.0123 0.0
0.0123 0.0
0.0123 0.0
0.0123 0.0
0.0123 0.0
0.0123 0.0
0.0123 0.0
0.0123 0.0
0.0123 0.0
0.0123 0.0
0.0123 0.0
0.0123 0.0
0.0123 0.0
0.0123 0.0
0.0123 0.0
0.0123 0.0
0.0123 0.0
0.0123 0.05
0.0123 0.05
0.0123 0.056
0.0123 0.056
0.0123 0.056
0.0123 0.05654
0.0123 0.05654
0.0123 0.05654
0.0123 0.05654
0.0123 0.05654
0.0123 0.05654
0.0123 0.05654
0.0123 0.05654
0.0123 0.05654
0.0123 0.05654
0.0123 0.05654
0.0123 0.05654
0.0123 0.05654
0.0123 0.05654
0.0123 0.05654
0.0123 0.05654
0.0123 0.05654
0.0123 0.05654
0.0123 0.05654
0.0123 0.05654
0.0123 0.05654
0.0123 0.05654
0.0123 0.05654
0.0123 0.05654
0.0123 0.05654
0.0123 0.05654
0.0123 0.05654
0.0123 0.05654
0.0123 0.05654
0.0123 0.05654
0.0123 0.05654
0.0123 0.05654
0.0 0.0
0.0 0.0
0.0 0.0
0.0 0.0
0.0 0.0
0.0 0.0
0.0 0.0
0.0 0.0
0.0 0.0
0.0 0.0
0.0 0.0
0.0 0.0
0.0 0.0
0.0 0.0
0.0 0.0
0.0 0.0
0.0 0.0
0.0 0.0
0.0 0.0
0.0 0.0
0.0 0.0
0.0 0.0
0.0 0.0
0.0 0.0
0.0 0.0
0.0 0.0
0.0 0.0
0.0 0.0
0.0 0.0
0.0 0.0
0.0 0.0
0.0 0.0
0.0 0.0
0.0 0.0
0.0 0.0
0.0 0.0
0.0 0.0
0.0 0.0
0.0 0.0
0.0 0.0
0.0 0.0
0.03 0.0
0.03 0.0
0.03 0.0
0.03 0.0
0.03 0.0
0.034 0.0
0.0345 0.0
0.0345 0.0
0.0345 0.0
0.0345 0.0
0.0345 0.0
0.0345 0.0
0.0345 0.0
0.0345 0.0
0.0345 0.0
0.0345 0.0
0.0345 0.0
0.0345 0.0
0.0345 0.0
0.0345 0.0
0.0345 0.0
0.0345 0.0
0.0345 0.0
0.0345 0.0
0.0345 0.0
0.0345 0.0
0.0345 0.0
0.0345 0.0
0.0345 0.0
0.0345 0.0
0.0345 0.0
0.0345 0.0
0.0345 0.0
0.0345 0.0
0.0345 0.0
0.0345 0.0
0.0345 0.0
0.0345 0.0
0.0345 0.0
0.0345 0.0
0.0345 0.0
0.0345 0.0
0.0345 0.0
0.0345 0.0
0.0345 0.0
0.0345 0.0
0.0345 0.0
0.0345 0.0
0.0345 0.0
0.0345 0.01
0.0345 0.01
0.0345 0.01
0.0345 0.012
0.0345 0.012
0.0345 0.012
0.0345 0.0123
0.0345 0.0123
0.0345 0.0123
0.0345 0.01231
0.0345 0.01231
0.0345 0.01231
0.0345 0.01231
0.0345 0.01231
0.0345 0.01231
0.0345 0.01231
0.0345 0.01231
0.0345 0.01231
0.0345 0.01231
0.0345 0.01231
0.0345 0.01231
0.0345 0.01231
0.0345 0.01231
0.0345 0.01231
0.0345 0.01231
0.0345 0.01231
0.0345 0.01231
0.0345 0.01231
0.0345 0.01231
0.0345 0.01231
0.0345 0.01231
0.0345 0.01231
0.0345 0.01231
0.0345 0.01231
0.0345 0.01231
0.0345 0.01231
0.0345 0.01231
0.0345 0.01231
0.0345 0.01231
0.0345 0.01231
0.0345 0.01231
0.0 0.0
0.0 0.0
0.0 0.0
0.0 0.0
0.0 0.0
0.0 0.0
0.0 0.0
0.0 0.0
0.0 0.0
0.0 0.0
0.0 0.0
0.0 0.0
0.0 0.0
0.0 0.0
0.0 0.0
0.0 0.0
0.0 0.0
0.0 0.0
0.0 0.0
0.0 0.0
0.0 0.0
0.0 0.0
0.0 0.0
0.0 0.0
0.0 0.0
0.0 0.0
0.0 0.0
0.0 0.0
0.0 0.0
0.0 0.0
0.0 0.0
0.0 0.0
0.0 0.0
0.0 0.0
0.0 0.0
0.0 0.0
0.0 0.0
0.0 0.0
0.0 0.0
0.0 0.0
0.0 0.0
0.0 0.0
0.0 0.0
0.0 0.0
0.04 0.0
0.045 0.0
0.045 0.0
0.045 0.0
0.0456 0.0
0.0456 0.0
0.0456 0.0
0.04564 0.0
0.04564 0.0
0.04564 0.0
0.04564 0.0
0.04564 0.0
0.04564 0.0
0.04564 0.0
0.04564 0.0
0.04564 0.0
0.04564 0.0
0.04564 0.0
0.04564 0.0
0.04564 0.0
0.04564 0.0
0.04564 0.0
0.04564 0.0
0.04564 0.0
0.04564 0.0
0.04564 0.0
0.04564 0.0
0.04564 0.0
0.04564 0.0
0.04564 0.0
0.04564 0.0
0.04564 0.0
0.04564 0.0
0.04564 0.0
0.04564 0.0
0.04564 0.0
0.04564 0.0
0.04564 0.0
0.04564 0.0
0.04564 0.0
0.04564 0.0
0.04564 0.0
0.04564 0.0
0.04564 0.0
0.04564 0.0
0.04564 0.0
0.04564 0.0
0.04564 0.0
0.04564 0.0
0.04564 0.0
0.04564 0.0
0.04564 0.0
0.04564 0.02
0.04564 0.02
0.04564 0.02
0.04564 0.023
0.04564 0.0234
0.04564 0.0234
0.04564 0.0234
0.04564 0.0234
0.04564 0.02342
0.04564 0.02342
0.04564 0.02342
0.04564 0.02342
0.04564 0.02342
0.04564 0.02342
0.04564 0.02342
0.04564 0.02342
0.04564 0.02342
0.04564 0.02342
0.04564 0.02342
0.04564 0.02342
0.04564 0.02342
0.04564 0.02342
0.04564 0.02342
0.04564 0.02342
0.04564 0.02342
0.04564 0.02342
0.04564 0.02342
0.04564 0.02342
0.04564 0.02342
0.04564 0.02342
0.04564 0.02342
0.04564 0.02342
0.04564 0.02342
0.04564 0.02342
0.04564 0.02342
0.04564 0.02342
0.04564 0.02342
0.04564 0.02342
0.04564 0.02342
0.04564 0.02342
0.04564 0.02342
0.04564 0.02342
0.04564 0.02342
0.04564 0.02342
0.04564 0.02342
0.04564 0.02342
0.04564 0.02342
0.04564 0.02342
0.04564 0.02342
0.04564 0.02342
0.04564 0.02342
0.04564 0.02342
0.04564 0.02342
0.04564 0.02342
0.04564 0.02342
0.04564 0.02342
0.04564 0.02342
0.04564 0.02342
0.04564 0.02342
0.04564 0.02342
0.0 0.0
0.0 0.0
0.0 0.0
0.0 0.0
0.0 0.0
0.0 0.0
0.0 0.0
0.0 0.0
0.0 0.0
0.0 0.0
0.0 0.0
0.0 0.0
0.0 0.0
0.0 0.0
0.0 0.0
0.0 0.0
0.0 0.0
0.0 0.0
0.0 0.0
0.0 0.0
0.0 0.0
0.0 0.0
0.0 0.0
0.0 0.0
0.0 0.0
0.0 0.0
0.0 0.0
0.0 0.0
0.0 0.0
0.0 0.0
0.0 0.0
0.0 0.0
0.0 0.0
0.0 0.0
0.0 0.0
0.0 0.0
0.0 0.0
0.04 0.0
0.04 0.0
0.045 0.0
0.045 0.0
0.045 0.0
0.0453 0.0
0.0453 0.0
0.0453 0.0
0.0453 0.0
0.0453 0.0
0.0453 0.0
0.0453 0.0
0.0453 0.0
0.0453 0.0
0.0453 0.0
0.0453 0.0
0.0453 0.0
0.0453 0.0
0.0453 0.0
0.0453 0.0
0.0453 0.0
0.0453 0.0
0.0453 0.0
0.0453 0.0
0.0453 0.0
0.0453 0.0
0.0453 0.0
0.0453 0.0
0.0453 0.0
0.0453 0.0
0.0453 0.0
0.0453 0.0
0.0453 0.0
0.0453 0.0
0.0453 0.0
0.0453 0.0
0.0453 0.0
0.0453 0.0
0.0453 0.0
0.0453 0.0
0.0453 0.0
0.0453 0.0
0.0453 0.0
0.0453 0.0
0.0453 0.0
0.0453 0.0
0.0453 0.0
0.0453 0.0
0.0453 0.0
0.0453 0.05
0.0453 0.05
0.0453 0.05
0.0453 0.05
0.0453 0.05
0.0453 0.05
0.0453 0.056
0.0453 0.056
0.0453 0.0564
0.0453 0.0564
0.0453 0.0564
0.0453 0.0564
0.0453 0.0564
0.0453 0.0564
0.0453 0.0564
0.0453 0.0564
0.0453 0.0564
0.0453 0.0564
0.0453 0.0564
0.0453 0.0564
0.0453 0.0564
0.0453 0.0564
0.0453 0.0564
0.0453 0.0564
0.0453 0.0564
0.0 0.0
0.0 0.0
0.0 0.0
0.0 0.0
0.0 0.0
0.0 0.0
0.0 0.0
0.0 0.0
0.0 0.0
0.0 0.0
0.0 0.0
0.0 0.0
0.0 0.0
0.0 0.0
0.0 0.0
0.0 0.0
0.0 0.0
0.0 0.0
0.0 0.0
0.0 0.0
0.0 0.0
0.0 0.0
0.0 0.0
0.0 0.0
0.0 0.0
0.0 0.0
0.0 0.0
0.0 0.0
0.043 0.0
0.043 0.0
0.043 0.0
0.0432 0.0
0.0432 0.0
0.0432 0.0
0.0432 0.0
0.0432 0.0
0.0432 0.0
0.0432 0.0
0.0432 0.0
0.0432 0.0
0.0432 0.0
0.0432 0.0
0.0432 0.0
0.0432 0.0
0.0432 0.0
0.0432 0.0
0.0432 0.0
0.0432 0.0
0.0432 0.0
0.0432 0.0
0.0432 0.0
0.0432 0.065
0.0432 0.065
0.0432 0.065
0.0432 0.065
0.0432 0.0652
0.0432 0.0652
0.0432 0.0652
0.0432 0.0652
0.0432 0.0652
0.0432 0.0652
0.0432 0.0652
0.0432 0.0652
0.0432 0.0652
0.0432 0.0652
0.0432 0.0652
0.0432 0.0652
0.0432 0.0652
0.0432 0.0652
0.0432 0.0652
0.0432 0.0652
0.0432 0.0652
0.0432 0.0652
0.0432 0.0652
0.0432 0.0652
0.0432 0.0652
0.0432 0.0652
0.0432 0.0652
0.0 0.0
0.0 0.0
0.0 0.0
0.0 0.0
0.0 0.0
0.0 0.0
0.0 0.0
0.0 0.0
0.0 0.0
0.0 0.0
0.0 0.0
0.0 0.0
0.0 0.0
0.0 0.0
0.0 0.0
0.0 0.0
0.0 0.0
0.0 0.0
0.0 0.0
0.0 0.0
0.0 0.0
0.0 0.0
0.0 0.0
0.0 0.0
0.0 0.0
0.0 0.0
0.0 0.0
0.0 0.0
0.0 0.0
0.0 0.0
0.0 0.0
0.0 0.0
0.0 0.0
0.0 0.0
0.0 0.0
0.0 0.0
0.03 0.0
0.032 0.0
0.032 0.0
0.0324 0.0
0.0324 0.0
0.0324 0.0
0.0324 0.0
0.0324 0.0
0.0324 0.0
0.0324 0.0
0.0324 0.0
0.0324 0.0
0.0324 0.0
0.0324 0.0
0.0324 0.0
0.0324 0.0
0.0324 0.0
0.0324 0.0
0.0324 0.0
0.0324 0.0
0.0324 0.0
0.0324 0.05
0.0324 0.05
0.0324 0.05
0.0324 0.052
0.0324 0.052
0.0324 0.0523
0.0324 0.0523
0.0324 0.0523
0.0324 0.0523
0.0324 0.0523
0.0324 0.0523
0.0324 0.0523
0.0324 0.0523
0.0324 0.0523
0.0324 0.0523
0.0324 0.0523
0.0324 0.0523
0.0324 0.0523
0.0324 0.0523
0.0324 0.0523
0.0324 0.0523
0.0324 0.0523
0.0324 0.0523
0.0 0.0
0.0 0.0
0.0 0.0
0.0 0.0
0.0 0.0
0.0 0.0
0.0 0.0
0.0 0.0
0.0 0.0
0.0 0.0
0.0 0.0
0.0 0.0
0.0 0.0
0.0 0.0
0.0 0.0
0.0 0.0
0.0 0.0
0.0 0.0
0.0w 0.0
0.0w 0.0
0.0we 0.0
0.0wer 0.0
0.0wer 0.0
0.0wer 0.0
0.0wer 0.0
0.0wer 0.0
0.0wer 0.0
0.0wer 0.0
0.0wer 0.0
0.0wer 0.0
0.0wer 0.0
0.0wer 0.0
0.0wer 0.0
0.0wer 0.0
0.0wer 0.0
0.0wer 0.0
0.0wer 0.0
0.0wer 0.0
0.0wer 0.0
0.0wer 0.0
0.0wer 0.0
0.0wer 0.0
0.0wer 0.0
0.0wer 0.0
0.0wer 0.0
0.0wer 0.0
0.0wer 0.0
0.0wer 0.0
0.0wer 0.0
0.0wer 0.0
0.0wer 0.0
0.0wer 0.0
0.0wer 0.0
0.0wer 0.0
0.0we 0.0
0.0we 0.0
0.0we 0.0
0.0w 0.0
0.0w 0.0
0.0w 0.0
0.0w 0.0
0.0w 0.0
0.0w 0.0
0.0w 0.0
0.0w 0.0
0.0 0.0
0.0 0.0
0.0 0.0
0.0 0.0
0.0 0.0
0.0 0.0
0.0 0.0
0.0 0.0
0.0 0.0
0.0 0.0
0.0 0.0
0.0 0.0
0.0 0.0
0.0 0.0
0.0 0.0
0.0 0.0
0.0 0.0
0.02 0.0
0.02 0.0
0.02 0.0
0.0234 0.0
0.0234 0.0
0.0234 0.0
0.0234 0.0
0.0234 0.0
0.02342 0.0
0.02342 0.0
0.02342 0.0
0.02342 0.0
0.02342 0.0
0.02342 0.0
0.02342 0.0
0.02342 0.0
0.02342 0.0
0.02342 0.0
0.02342 0.0
0.02342 0.0
0.02342 0.0
0.02342 0.0
0.02342 0.0
0.02342 0.0
0.02342 0.0
0.02342 0.0
0.0234232 0.0
0.0234232 0.0
0.0234232 0.0
0.02342324 0.0
0.02342324 0.0
0.02342324 0.0
0.02342324 0.0
0.02342324 0.0
0.023423242 0.0
0.023423242 0.0
0.023423242 0.0
0.023423242 0.0
0.023423242 0.0
0.023423242 0.0
0.023423242 0.0
0.023423242 0.0
0.023423242 0.0
0.023423242 0.0
0.023423242 0.0
0.023423242 0.0
0.023423242 0.0
0.023423242 0.0
0.023423242 0.0
0.023423242 0.0
0.023423242 0.0
0.023423242 0.0
0.023423242 0.0
0.023423242 0.0
0.023423242 0.0
0.023423242 0.0
0.023423242 0.0
0.023423242 0.0
0.023423242 0.0
0.023423242 0.0
0.023423242 0.0
0.023423242 0.0
0.023423242 0.0
0.02342324 0.0
0.02342324 0.0
0.02342324 0.0
0.02342324 0.0
0.0234232 0.0
0.0234232 0.0
0.0234232 0.0
0.023423 0.0
0.023423 0.0
0.023423 0.0
0.02342 0.0
0.02342 0.0
0.02342 0.0
0.02342 0.0
0.0234 0.0
0.0234 0.0
0.0234 0.0
0.0234 0.0
0.0234 0.0
0.023 0.0
0.023 0.0
0.023 0.0
0.023 0.0
0.02 0.0
0.02 0.0
0.02 0.0
0.02 0.0
0.02 0.0
0.02 0.0
0.02 0.0
0.02 0.0
0.02 0.0
0.02 0.0
0.02 0.0
0.02 0.0
0.02 0.0
0.02 0.0
0.02 0.0
0.02 0.0
0.02 0.0
0.02 0.0
0.02 0.0
0.02 0.0
0.02 0.0
0.02 0.0
0.02 0.0
0.02 0.0
0.02 0.0
0.02 0.0
0.025 0.0
0.025 0.0
0.025 0.0
0.025 0.0
0.025 0.0
0.025 0.0
0.025 0.0
0.025 0.0
0.025 0.0
0.025 0.0
0.025 0.0
0.025 0.0
0.025 0.0
0.025 0.0
0.025 0.0
0.025 0.0
0.025 0.0
0.025 0.0
0.025 0.0
0.025 0.0
0.025 0.0
0.025 0.0
0.025 0.0
0.025 0.0
0.025 0.0
0.025 0.0
0.025 0.0
0.025 0.0
0.025 0.01
0.025 0.01
0.025 0.012
0.025 0.012
0.025 0.0123
0.025 0.0123
0.025 0.0123
0.025 0.0123
0.025 0.0123
0.025 0.0123
0.025 0.0123
0.025 0.0123
0.025 0.0123
0.025 0.0123
0.025 0.0123
0.025 0.0123
0.025 0.0123
0.025 0.0123
0.025 0.0123
0.025 0.0123
0.025 0.0123
0.025 0.0123
0.025 0.0123
0.025 0.0123
0.025 0.0123
0.025 0.0123
0.025 0.0123
0.025 0.0123
0.025 0.0123
0.0 0.0
0.0 0.0
0.0 0.0
0.0 0.0
0.0 0.0
0.0 0.0
0.0 0.0
0.0 0.0
0.0 0.0
0.0 0.0
0.0 0.0
0.0 0.0
0.0 0.0
0.0 0.0
0.0 0.0
0.0 0.0
0.0 0.0
0.0 0.0
0.0 0.0
0.0 0.0
0.0 0.0
0.0 0.0
0.0 0.0
0.0 0.0
0.0 0.0
0.0 0.0
0.0 0.0
0.0 0.0
0.0 0.0
0.0 0.0
0.01 0.0
0.01 0.0
0.012 0.0
0.012 0.0
0.0123 0.0
0.0123 0.0
0.0123 0.0
0.0123 0.0
0.0123 0.0
0.01231 0.0
0.01231 0.0
0.01231 0.0
0.01231 0.0
0.01231 0.0
0.01231 0.0
0.01231 0.0
0.01231 0.0
0.01231 0.0
0.01231 0.0
0.01231 0.0
0.01231 0.0
0.01231 0.0
0.01231 0.0
0.01231 0.0
0.01231 0.03
0.01231 0.03
0.01231 0.032
0.01231 0.0324
0.01231 0.0324
0.01231 0.0324
0.01231 0.0324
0.01231 0.0324
0.01231 0.0324
0.01231 0.03242
0.01231 0.03242
0.01231 0.03242
0.01231 0.03242
0.01231 0.03242
0.01231 0.03242
0.01231 0.03242
0.01231 0.03242
0.01231 0.03242
0.01231 0.03242
0.01231 0.03242
0.01231 0.03242
0.01231 0.03242
0.01231 0.03242
0.01231 0.03242
0.01231 0.03242
0.01231 0.03242
0.01231 0.03242
0.01231 0.03242
0.01231 0.03242
0.01231 0.03242
0.01231 0.03242
0.01231 0.03242
0.01231 0.03242
0.01231 0.03242
0.01231 0.03242
0.01231 0.03242
0.01231 0.03242
0.01231 0.03242
0.01231 0.03242
0.01231 0.03242
0.01231 0.03242
0.01231 0.03242
0.01231 0.03242
0.01231 0.03242
0.01231 0.03242
0.01231 0.03242
0.0 0.0
0.0 0.0
0.0 0.0
0.0 0.0
0.0 0.0
0.0 0.0
0.0 0.0
0.0 0.0
0.0 0.0
0.0 0.0
0.0 0.0
0.0 0.0
0.0 0.0
0.0 0.0
0.0 0.0
0.0 0.0
0.0 0.0
0.0 0.0
0.0 0.0
0.0 0.0
0.0 0.0
0.0 0.0
0.0 0.0
0.0 0.0
0.0 0.0
0.0 0.0
0.0 0.0
0.0 0.0
0.0 0.0
0.0 0.0
0.03 0.0
0.034 0.0
0.034 0.0
0.034 0.0
0.034 0.0
0.034 0.0
0.0342 0.0
0.0342 0.0
0.0342 0.0
0.0342 0.0
0.0342 0.0
0.0342 0.0
0.0342 0.0
0.0342 0.0
0.0342 0.0
0.0342 0.0
0.0342 0.0
0.0342 0.0
0.0342 0.0
0.0342 0.0
0.0342 0.0
0.0342 0.0
0.0342 0.0
0.0342 0.0
0.0342 0.0
0.0342 0.0
0.0342 0.01
0.0342 0.01
0.0342 0.01
0.0342 0.01
0.0342 0.012
0.0342 0.012
0.0342 0.0123
0.0342 0.0123
0.0342 0.0123
0.0342 0.0123
0.0342 0.01231
0.0342 0.01231
0.0342 0.01231
0.0342 0.01231
0.0342 0.012313
0.0342 0.012313
0.0342 0.012313
0.0342 0.012313
0.0342 0.012313
0.0342 0.012313
0.0342 0.012313
0.0342 0.012313
0.0342 0.012313
0.0342 0.012313
0.0342 0.012313
0.0342 0.012313
0.0342 0.012313
0.0342 0.012313
0.0342 0.012313
0.0342 0.012313
0.0342 0.012313
0.0342 0.012313
0.0342 0.012313
0.0342 0.012313
0.0342 0.012313
0.0342 0.012313
0.0342 0.012313
0.0342 0.012313
0.0342 0.012313
0.0342 0.012313
0.0342 0.012313
0.0342 0.012313
0.0342 0.012313
0.0342 0.012313
0.0342 0.012313
0.0342 0.012313
0.0342 0.012313
0.0342 0.012313
0.0342 0.012313
0.0342 0.012313
0.0342 0.012313
0.0342 0.012313
0.0342 0.012313
0.0342 0.012313
0.0 0.0
0.0 0.0
0.0 0.0
0.0 0.0
0.0 0.0
0.0 0.0
0.0 0.0
0.0 0.0
0.0 0.0
0.0 0.0
0.0 0.0
0.0 0.0
0.0 0.0
0.0 0.0
0.0 0.0
0.0 0.0
0.0 0.0
0.0 0.0
0.0 0.0
0.0 0.0
0.0 0.0
0.0 0.0
0.0 0.0
0.0 0.0
0.0 0.0
0.0 0.0
0.0 0.0
0.0 0.0
0.0 0.0
0.0 0.0
0.0 0.0
0.0 0.0
0.0 0.0
0.0 0.0
0.0 0.0
0.0 0.0
0.0 0.0
0.012 0.0
0.0123 0.0
0.0123 0.0
0.0123 0.0
0.0123 0.0
0.0123 0.0
0.01231 0.0
0.01231 0.0
0.01231 0.0
0.01231 0.0
0.01231 0.0
0.01231 0.0
0.01231 0.0
0.01231 0.0
0.01231 0.0
0.01231 0.0
0.01231 0.0
0.01231 0.0
0.01231 0.0
0.01231 0.0
0.01231 0.0
0.01231 0.0
0.01231 0.0
0.01231 0.0
0.01231 0.0
0.01231 0.0
0.01231 0.0
0.01231 0.0
0.01231 0.0
0.01231 0.0
0.01231 0.0
0.01231 0.0
0.01231 0.0
0.01231 0.0
0.01231 0.02
0.01231 0.02
0.01231 0.023
0.01231 0.0234
0.01231 0.0234
0.01231 0.0234
0.01231 0.0234
0.01231 0.0234
0.01231 0.02342
0.01231 0.02342
0.01231 0.023423
0.01231 0.0234234
0.01231 0.0234234
0.01231 0.0234234
0.01231 0.0234234
0.01231 0.0234234
0.01231 0.0234234
0.01231 0.0234234
0.01231 0.0234234
0.01231 0.0234234
0.01231 0.0234234
0.0 0.0
0.0 0.0
0.0 0.0
0.0 0.0
0.0 0.0
0.0 0.0
0.0 0.0
0.0 0.0
0.0 0.0
0.0 0.0
0.0 0.0
0.0 0.0
0.0 0.0
0.0 0.0
0.0 0.0
0.0 0.0
0.0 0.0
0.0 0.0
0.0 0.0
0.0 0.0
0.0 0.0
0.0 0.0
0.0 0.0
0.0 0.0
0.0 0.0
0.0 0.0
0.0 0.0
0.0 0.0
0.0 0.0
0.0 0.0
0.0 0.0
0.0 0.0
0.0 0.0
0.0 0.0
0.0 0.0
0.0 0.0
0.0 0.0
0.0 0.0
0.0 0.0
0.0 0.0
0.0 0.0
0.0 0.0
0.0 0.0
0.0 0.0
0.054 0.0
0.054 0.0
0.054 0.0
0.0546 0.0
0.0546 0.0
0.0546 0.0
0.0546 0.0
0.0546 0.0
0.05464 0.0
0.05464 0.0
0.05464 0.0
0.05464 0.0
0.05464 0.0
0.05464 0.0
0.05464 0.0
0.05464 0.0
0.05464 0.0
0.05464 0.0
0.05464 0.0
0.05464 0.0
0.05464 0.0
0.05464 0.0
0.05464 0.0
0.05464 0.0
0.05464 0.0
0.05464 0.0
0.05464 0.01
0.05464 0.01
0.05464 0.01
0.05464 0.012
0.05464 0.012
0.05464 0.0123
0.05464 0.0123
0.05464 0.0123
0.05464 0.0123
0.05464 0.01231
0.05464 0.01231
0.05464 0.01231
0.05464 0.01231
0.05464 0.01231
0.05464 0.01231
0.05464 0.01231
0.05464 0.01231
0.05464 0.01231
0.05464 0.01231
0.05464 0.01231
0.05464 0.01231
0.05464 0.01231
0.05464 0.01231
0.05464 0.01231
0.05464 0.01231
0.05464 0.01231
0.05464 0.01231
0.05464 0.01231
0.05464 0.01231
0.05464 0.01231
0.05464 0.01231
0.05464 0.01231
0.05464 0.01231
0.05464 0.01231
0.05464 0.01231
0.05464 0.01231
0.05464 0.01231
0.05464 0.01231
0.05464 0.01231
0.05464 0.01231
0.05464 0.01231
0.05464 0.01231
0.05464 0.01231
0.05464 0.01231
0.05464 0.01231
0.05464 0.01231
0.05464 0.01231
0.05464 0.01231
0.05464 0.01231
0.05464 0.01231
0.05464 0.01231
0.05464 0.01231
0.0 0.0
0.0 0.0
0.0 0.0
0.0 0.0
0.0 0.0
0.0 0.0
0.0 0.0
0.0 0.0
0.0 0.0
0.0 0.0
0.0 0.0
0.0 0.0
0.0 0.0
0.0 0.0
0.0 0.0
0.0 0.0
0.0 0.0
0.0 0.0
0.0 0.0
0.0 0.0
0.0 0.0
0.0 0.0
0.0 0.0
0.0 0.0
0.0 0.0
0.0 0.0
0.0 0.0
0.0 0.0
0.0 0.0
0.0 0.0
0.0 0.0
0.0 0.0
0.0 0.0
0.0 0.0
0.0 0.0
0.0 0.0
0.0 0.0
0.0 0.0
0.0 0.0
0.0 0.0
0.0 0.0
0.0 0.0
0.0 0.0
0.0 0.0
0.0 0.0
0.0 0.0
0.0 0.0
0.0 0.0
0.0 0.0
0.0 0.0
0.0 0.0
0.0 0.0
0.0 0.0
0.0 0.0
0.0 0.0
0.0 0.0
0.02 0.0
0.02 0.0
0.02 0.0
0.02 0.0
0.02 0.0
0.02 0.0
0.02 0.0
0.023 0.0
0.023 0.0
0.023 0.0
0.023 0.0
0.023 0.0
0.023 0.0
0.023 0.0
0.023 0.0
0.023 0.0
0.023 0.0
0.023 0.0
0.023 0.0
0.023 0.0
0.023 0.0
0.023 0.01
0.023 0.01
0.023 0.01
0.023 0.01
0.023 0.01
0.023 0.01
0.023 0.01
0.023 0.012
0.023 0.012
0.023 0.012
0.023 0.012
0.023 0.012
0.023 0.012
0.023 0.0123
0.023 0.0123
0.023 0.0123
0.023 0.0123
0.023 0.0123
0.023 0.0123
0.023 0.0123
0.023 0.0123
0.023 0.0123
0.023 0.0123
0.023 0.0123
0.023 0.0123
0.023 0.0123
0.023 0.0123
0.023 0.0123
0.023 0.0123
0.023 0.0123
0.023 0.0123
0.023 0.0123
0.023 0.0123
0.023 0.0123
0.023 0.0123
0.023 0.0123
